37 25
1	2	3	4	5	6	7	8	9	10	14	15	16	16	16	16	16	16	16	12	13	16	11	17	16	false 
-1	-1	-1	-1	-1	-1	-1	-1	-1	-1	-1	-1	-1	-1	-1	-1	-1	-1	-1	-1	-1	-1	-1	-1	-1	true
-1	-1	-1	-1	-1	-1	-1	-1	-1	-1	-1	-1	-1	-1	-1	-1	-1	-1	-1	-1	-1	-1	-1	-1	-1	true
-1	-1	-1	-1	-1	-1	-1	-1	-1	-1	-1	-1	-1	-1	-1	-1	-1	-1	-1	-1	-1	-1	-1	-1	-1	true
-1	-1	-1	-1	-1	-1	-1	-1	-1	-1	-1	-1	-1	-1	-1	-1	-1	-1	-1	-1	-1	-1	-1	-1	-1	true
-1	-1	-1	-1	-1	-1	-1	-1	-1	-1	-1	-1	-1	-1	-1	-1	-1	-1	-1	-1	-1	-1	-1	-1	-1	true
-1	-1	-1	-1	-1	-1	-1	-1	-1	-1	-1	-1	-1	-1	-1	-1	-1	-1	-1	-1	-1	-1	-1	-1	-1	true
-1	-1	-1	-1	-1	-1	-1	-1	-1	-1	-1	-1	-1	-1	-1	-1	-1	-1	-1	-1	-1	-1	-1	-1	-1	true
-1	-1	-1	-1	-1	-1	-1	-1	-1	-1	-1	-1	-1	-1	-1	-1	-1	-1	-1	-1	-1	-1	-1	-1	-1	true
-1	-1	-1	-1	-1	-1	-1	-1	-1	-1	-1	-1	-1	-1	-1	-1	-1	-1	-1	-1	-1	-1	-1	-1	-1	true
-1	-1	-1	-1	-1	-1	-1	-1	-1	10	36	36	36	36	36	36	36	36	36	36	36	36	11	-1	36	true
-1	-1	-1	-1	-1	-1	-1	-1	-1	19	-1	-1	-1	-1	-1	-1	-1	-1	-1	-1	-1	-1	-1	-1	-1	false 
-1	-1	-1	-1	-1	-1	-1	-1	-1	16	16	16	16	16	16	20	16	16	16	16	18	16	-1	-1	16	true
-1	-1	-1	-1	-1	-1	-1	-1	-1	16	16	16	21	16	16	16	16	16	16	16	16	16	-1	-1	16	true
-1	-1	-1	-1	-1	-1	-1	-1	-1	16	16	16	22	16	16	16	16	16	16	16	16	16	-1	-1	16	true
-1	-1	-1	-1	-1	-1	-1	-1	-1	16	16	16	16	16	23	16	16	16	16	16	16	16	-1	-1	16	true
-1	-1	-1	-1	-1	-1	-1	-1	-1	16	16	16	16	16	16	16	16	16	16	16	16	16	-1	-1	16	true
-1	-1	-1	-1	-1	-1	-1	-1	-1	-1	-1	-1	-1	-1	-1	-1	-1	-1	-1	-1	-1	-1	-1	17	-1	true
-1	-1	-1	-1	-1	-1	-1	-1	-1	16	16	16	16	16	16	16	16	16	16	16	16	16	-1	-1	16	true
-1	-1	-1	-1	-1	-1	-1	-1	-1	19	24	-1	-1	-1	-1	-1	-1	-1	-1	-1	-1	-1	-1	-1	24	true
-1	-1	-1	-1	-1	-1	-1	-1	-1	16	16	16	16	16	16	16	25	16	16	16	16	16	-1	-1	16	true
-1	-1	-1	-1	-1	-1	-1	-1	-1	16	16	16	16	16	16	16	16	26	16	16	16	16	-1	-1	16	true
-1	-1	-1	-1	-1	-1	-1	-1	-1	16	16	16	16	27	16	16	16	16	16	16	16	16	-1	-1	16	true
-1	-1	-1	-1	-1	-1	-1	-1	-1	16	16	16	16	16	16	16	16	16	16	28	16	16	-1	-1	16	true
29	29	-1	-1	-1	-1	-1	-1	-1	30	-1	-1	-1	-1	-1	-1	-1	-1	-1	-1	-1	-1	-1	-1	-1	false 
-1	-1	-1	-1	-1	-1	-1	-1	-1	16	16	16	16	16	16	16	16	16	16	16	16	16	-1	-1	16	true
-1	-1	-1	-1	-1	-1	-1	-1	-1	16	16	16	16	16	16	16	16	16	31	16	16	16	-1	-1	16	true
-1	-1	-1	-1	-1	-1	-1	-1	-1	16	32	16	16	16	16	16	16	16	16	16	16	16	-1	-1	16	true
-1	-1	-1	-1	-1	-1	-1	-1	-1	16	16	16	33	16	16	16	16	16	16	16	16	16	-1	-1	16	true
-1	-1	-1	-1	-1	-1	-1	-1	-1	30	-1	-1	-1	-1	-1	-1	-1	-1	-1	-1	-1	-1	-1	-1	-1	false 
-1	-1	-1	-1	-1	-1	-1	-1	-1	30	-1	-1	-1	-1	-1	-1	-1	-1	-1	-1	-1	-1	-1	-1	-1	true
-1	-1	-1	-1	-1	-1	-1	-1	-1	16	16	16	16	16	16	16	34	16	16	16	16	16	-1	-1	16	true
-1	-1	-1	-1	-1	-1	-1	-1	-1	16	16	16	16	16	16	16	16	16	16	16	16	16	-1	-1	16	true
-1	-1	-1	-1	-1	-1	-1	-1	-1	16	35	16	16	16	16	16	16	16	16	16	16	16	-1	-1	16	true
-1	-1	-1	-1	-1	-1	-1	-1	-1	16	16	16	16	16	16	16	16	16	16	16	16	16	-1	-1	16	true
-1	-1	-1	-1	-1	-1	-1	-1	-1	16	16	16	16	16	16	16	16	16	16	16	16	16	-1	-1	16	true
-1	-1	-1	-1	-1	-1	-1	-1	-1	36	36	36	36	36	36	36	36	36	36	36	36	36	-1	-1	36	false 